NumPoints 1392
0 128 128 128 4.26616 -7.10494 14.442
5 128 128 128 0.0378945 -7.43896 25.0404
7 128 128 128 0.0314097 -7.29513 24.9846
9 128 128 128 5.30564 -7.43748 26.0805
11 128 128 128 5.19563 -7.35023 26.0521
12 128 128 128 5.27042 -7.27386 26.0355
13 128 128 128 -3.20544 -4.58481 17.4198
14 128 128 128 -3.0338 -4.59137 17.4763
21 128 128 128 -1.9487 -4.35013 25.3493
24 128 128 128 -10.271 -3.36552 24.2798
27 128 128 128 11.9758 -3.21246 26.356
28 128 128 128 12.4367 -3.14491 26.3287
30 128 128 128 11.7976 -3.09825 28.473
31 128 128 128 11.9656 -2.67986 25.6673
35 128 128 128 -6.32877 -2.4506 24.9616
37 128 128 128 -2.05876 -1.61652 25.8251
38 128 128 128 -6.54236 -1.54695 25.2237
46 128 128 128 0.0982525 0.69299 15.8267
47 128 128 128 -2.16331 1.62407 26.2197
57 128 128 128 -13.7465 3.22855 22.3432
67 128 128 128 0.194837 2.58368 15.7327
70 128 128 128 -7.59922 4.62845 18.7455
75 128 128 128 -7.49306 4.62237 16.0462
78 128 128 128 -0.917344 1.9396 6.6486
83 128 128 128 -0.0371923 2.05464 6.55956
86 128 128 128 -0.367364 2.09105 6.49765
87 128 128 128 -0.51114 2.10706 6.55731
98 128 128 128 -3.84221 3.86218 10.3002
99 128 128 128 -3.63498 3.8167 10.1779
108 128 128 128 -3.8338 4.63926 10.3728
110 128 128 128 -3.89318 4.69519 10.4365
112 128 128 128 -3.62594 4.72615 10.3023
114 128 128 128 -3.90959 4.89321 10.5147
115 128 128 128 -3.91272 5.04109 10.5206
116 128 128 128 -3.91619 5.09635 10.5347
124 128 128 128 -4.02244 5.65307 10.6241
126 128 128 128 -3.17521 5.76213 10.3981
127 128 128 128 3.53313 6.23955 11.1827
144 128 128 128 6.75457 -7.07592 16.1828
146 128 128 128 5.70018 -7.41071 17.1226
150 128 128 128 12.4899 -8.32807 23.3259
154 128 128 128 12.3621 -7.67616 24.0839
159 128 128 128 12.8796 -6.41677 24.4468
161 128 128 128 7.62782 -6.83836 26.4492
162 128 128 128 7.71206 -6.72415 26.051
163 128 128 128 6.31844 -4.00193 16.1425
166 128 128 128 12.5401 -6.14428 25.5041
168 128 128 128 1.74919 -4.37966 18.1234
170 128 128 128 7.59852 -6.37132 26.4266
172 128 128 128 6.2747 -3.83947 15.9969
175 128 128 128 -10.3537 -5.0581 24.0899
177 128 128 128 -1.93834 -4.87545 25.371
181 128 128 128 12.9417 -3.78686 24.6465
186 128 128 128 -1.67595 -3.85936 25.6909
187 128 128 128 13.4282 -3.64002 24.8924
189 128 128 128 -3.11373 -2.52032 17.7813
191 128 128 128 -3.29259 -2.50569 17.7541
193 128 128 128 9.20197 -3.67059 27.2066
194 128 128 128 1.67117 -2.44097 18.4547
195 128 128 128 1.86209 -2.44815 18.4603
197 128 128 128 10.5376 -3.31959 25.3751
198 128 128 128 -10.503 -3.16282 24.4493
202 128 128 128 6.39242 -1.90234 16.3588
203 128 128 128 -10.3524 -2.89173 24.4607
204 128 128 128 6.48305 -1.85325 16.5002
206 128 128 128 12.8309 -2.53195 24.9297
207 128 128 128 -6.51944 -2.47751 25.2064
212 128 128 128 10.7973 -1.59021 27.317
213 128 128 128 0.297317 -0.919583 15.8755
215 128 128 128 -10.0147 -1.20653 24.7903
216 128 128 128 12.897 -1.12867 25.1358
218 128 128 128 0.159465 -0.695832 15.9134
219 128 128 128 6.14751 -0.575915 16.4799
220 128 128 128 6.27794 -0.368675 16.3634
221 128 128 128 12.8453 -0.335006 25.2046
222 128 128 128 0.232224 -0.139763 15.8651
223 128 128 128 0.300317 -0.0616199 15.8589
228 128 128 128 12.728 0.575787 25.3721
230 128 128 128 0.164982 0.650695 15.8465
236 128 128 128 6.07407 1.54789 16.3522
237 128 128 128 11.2756 3.59593 27.4518
240 128 128 128 13.5921 3.58583 26.4664
241 128 128 128 -14.0524 3.04307 22.3428
244 128 128 128 9.37085 1.95846 13.0707
246 128 128 128 12.5635 3.99881 25.6342
247 128 128 128 12.7813 4.0557 25.7676
248 128 128 128 13.3219 4.15306 26.3666
249 128 128 128 -11.9888 3.45242 22.3143
250 128 128 128 11.6755 4.08401 25.1785
252 128 128 128 12.1915 4.17316 25.5644
253 128 128 128 12.5063 4.22247 25.7727
254 128 128 128 -13.3577 3.51581 21.728
255 128 128 128 -13.0313 3.58938 21.9107
256 128 128 128 -12.8654 3.60654 21.9351
257 128 128 128 0.397079 2.65193 15.7762
258 128 128 128 -12.8143 3.72525 22.2856
259 128 128 128 0.222396 2.72178 15.7739
260 128 128 128 -12.9313 3.82587 21.9101
262 128 128 128 -2.31651 4.33357 21.624
264 128 128 128 -3.60713 4.28308 19.03
266 128 128 128 0.277704 3.60607 15.7421
268 128 128 128 -3.38214 4.48222 19.0719
269 128 128 128 0.248958 3.72554 15.7256
272 128 128 128 0.247923 3.84497 15.7189
274 128 128 128 7.66029 5.12092 19.114
275 128 128 128 -0.884421 1.77531 6.60926
279 128 128 128 -1.00784 1.84505 6.59552
280 128 128 128 -0.501213 1.84618 6.53601
281 128 128 128 5.91439 4.65844 16.4286
282 128 128 128 -7.47097 4.60097 16.2328
284 128 128 128 4.61551 4.67971 16.3359
285 128 128 128 -7.43937 4.65542 16.142
288 128 128 128 -0.438165 1.92704 6.5436
289 128 128 128 -7.45731 4.80774 16.2186
290 128 128 128 -7.68556 4.82485 16.0157
291 128 128 128 6.23417 4.99447 16.446
292 128 128 128 6.33959 5.02984 16.522
294 128 128 128 -0.168088 2.03791 6.56287
296 128 128 128 3.08308 5.05821 16.3039
298 128 128 128 3.36297 5.03896 16.0957
299 128 128 128 7.01048 5.45104 17.3129
303 128 128 128 -0.49762 2.08285 6.54934
306 128 128 128 -0.26892 2.11089 6.54357
307 128 128 128 -0.464362 2.12921 6.55101
310 128 128 128 8.64956 5.58617 16.58
314 128 128 128 -3.76685 3.67274 10.3219
319 128 128 128 2.95246 4.53116 12.2373
320 128 128 128 6.13709 5.72186 15.1595
321 128 128 128 -3.75963 3.87014 10.2492
322 128 128 128 3.54418 4.69238 12.2579
334 128 128 128 -0.400672 2.76551 6.44492
340 128 128 128 -7.66334 5.61796 12.4914
341 128 128 128 -3.39528 4.6936 10.2412
345 128 128 128 2.16968 5.94499 12.8453
347 128 128 128 -3.62166 4.8076 10.3095
350 128 128 128 5.12856 6.06304 12.7745
354 128 128 128 5.05422 6.06778 12.6594
355 128 128 128 6.30908 6.15681 12.7254
357 128 128 128 1.70701 5.97879 12.1113
361 128 128 128 -5.21256 5.82881 11.5929
364 128 128 128 6.85139 6.29686 12.2219
366 128 128 128 1.90723 6.08211 11.7632
367 128 128 128 1.81585 6.07895 11.7236
370 128 128 128 5.86335 6.29263 11.9602
376 128 128 128 5.09422 6.30192 11.5529
379 128 128 128 -3.58731 5.74221 10.4561
380 128 128 128 -4.61648 5.93509 10.8192
389 128 128 128 2.91363 6.23934 11.0537
390 128 128 128 2.91269 6.21397 10.9356
392 128 128 128 2.89693 6.22328 10.8598
393 128 128 128 -1.39445 6.07817 10.4762
398 128 128 128 5.45407 6.41269 10.879
401 128 128 128 7.90983 6.44512 10.8518
405 128 128 128 -4.75248 5.99594 10.0497
410 128 128 128 -4.42774 6.12467 10.2392
412 128 128 128 -4.14242 6.08405 9.90317
416 128 128 128 -10.6994 -7.93559 15.6279
423 128 128 128 -6.38306 -8.68859 20.422
425 128 128 128 -0.0383694 -8.16052 19.9155
429 128 128 128 19.3922 -8.83641 27.0478
433 128 128 128 -7.20887 -4.20456 14.8734
435 128 128 128 9.47749 -3.21236 12.138
443 128 128 128 6.50075 -3.84251 16.1254
444 128 128 128 0.109218 -6.00021 25.1815
448 128 128 128 4.94655 -5.86599 25.6794
450 128 128 128 12.9303 -5.51464 24.4857
452 128 128 128 12.947 -4.52367 24.7155
454 128 128 128 12.7791 -4.10656 24.5203
455 128 128 128 13.0929 -4.1115 24.6726
458 128 128 128 -7.35667 -2.1894 14.9304
459 128 128 128 1.66368 -2.63128 18.4302
460 128 128 128 13.6413 -3.45948 25.0715
462 128 128 128 10.3503 -3.77622 27.6368
463 128 128 128 12.6456 -3.26325 24.751
465 128 128 128 13.0983 -3.1971 24.8163
466 128 128 128 12.8464 -3.07782 24.6431
467 128 128 128 11.6039 -3.19661 26.0703
468 128 128 128 -0.272073 -3.18998 25.9575
472 128 128 128 12.186 -2.97613 25.3346
473 128 128 128 6.39737 -1.76247 16.4123
475 128 128 128 12.0039 -2.71835 26.1307
478 128 128 128 -6.44837 -1.82505 25.0751
481 128 128 128 12.8512 -1.72615 25.134
483 128 128 128 6.36748 -0.949387 16.5218
485 128 128 128 24.5001 -1.5182 30.5979
488 128 128 128 12.7364 -0.435197 25.211
489 128 128 128 0.315826 -0.197108 15.8554
490 128 128 128 0.160308 -0.0901031 15.9136
491 128 128 128 11.5652 -0.13225 25.7145
492 128 128 128 -3.06967 0.579617 18.5415
500 128 128 128 -4.09035 3.39777 26.4661
501 128 128 128 0.539003 2.08775 15.8198
506 128 128 128 12.2563 3.63106 26.0498
509 128 128 128 -13.5674 3.07103 21.9779
510 128 128 128 12.729 3.75834 26.0529
516 128 128 128 12.6732 4.16149 25.8291
517 128 128 128 -13.0576 3.49212 21.9945
518 128 128 128 -14.0626 3.7042 22.2335
519 128 128 128 -15.4839 3.80661 22.8227
520 128 128 128 -13.0825 3.67244 21.8642
523 128 128 128 -14.6934 4.00064 22.0908
525 128 128 128 -6.29498 4.14252 21.7738
526 128 128 128 0.392088 3.37443 15.7206
527 128 128 128 0.315889 3.40995 15.749
529 128 128 128 0.062447 3.40698 15.5623
531 128 128 128 0.363995 3.53904 15.7484
532 128 128 128 -3.35665 4.32803 19.0562
533 128 128 128 0.0670187 3.61954 15.7193
534 128 128 128 -3.47328 4.37856 19.0037
538 128 128 128 -0.437391 1.69635 6.63208
542 128 128 128 8.65743 5.20788 18.9742
543 128 128 128 -1.01945 1.8168 6.62201
544 128 128 128 -0.281865 1.8044 6.54046
545 128 128 128 5.37056 4.68035 16.4129
546 128 128 128 5.65036 4.69762 16.4852
547 128 128 128 -0.859103 1.88158 6.6065
548 128 128 128 -0.991242 1.87872 6.59839
549 128 128 128 4.77042 4.69085 16.3468
550 128 128 128 -0.579085 1.87153 6.53828
551 128 128 128 3.8643 4.61297 16.1074
553 128 128 128 3.64531 4.6375 16.1316
555 128 128 128 2.36836 4.6227 15.9529
556 128 128 128 -0.250842 1.94076 6.54094
557 128 128 128 -0.580862 1.96202 6.54944
558 128 128 128 -0.425045 1.96783 6.54052
559 128 128 128 -7.56281 4.85086 16.1464
561 128 128 128 -0.314493 2.01081 6.51711
563 128 128 128 -0.759053 2.02009 6.54144
565 128 128 128 -0.431716 2.04332 6.53968
566 128 128 128 -0.348407 2.03024 6.49356
567 128 128 128 -0.212315 2.05516 6.57578
569 128 128 128 -0.126366 2.13178 6.59702
570 128 128 128 0.0311995 2.16619 6.53107
573 128 128 128 -8.04235 5.22039 15.2658
577 128 128 128 -3.93175 3.58275 10.3673
581 128 128 128 3.37658 4.31984 12.0411
582 128 128 128 -3.73636 3.70802 10.2633
584 128 128 128 -3.84306 3.80385 10.3286
586 128 128 128 7.57367 5.76298 15.3829
588 128 128 128 -3.86775 3.95581 10.4095
592 128 128 128 3.85885 5.18726 12.4466
595 128 128 128 -0.380677 2.74923 6.46203
598 128 128 128 5.24182 5.96798 13.6117
600 128 128 128 2.27082 5.69793 12.7126
601 128 128 128 7.41908 6.0566 13.3178
603 128 128 128 7.32717 6.12521 13.3263
607 128 128 128 2.87693 5.94671 12.6945
611 128 128 128 -3.95692 5.01369 10.5243
614 128 128 128 5.32737 6.11009 12.547
616 128 128 128 5.28288 6.19887 12.1391
617 128 128 128 1.45504 6.02535 11.6128
618 128 128 128 -7.57142 5.83652 11.0821
619 128 128 128 8.91033 6.33098 11.956
621 128 128 128 -6.26532 5.83535 11.0418
623 128 128 128 1.54744 6.11853 11.5029
624 128 128 128 6.59889 6.29776 11.7057
626 128 128 128 1.84809 6.1382 11.2784
627 128 128 128 -4.81036 5.91363 10.857
629 128 128 128 -4.33894 5.96351 10.8751
630 128 128 128 -4.7865 5.93041 10.7564
631 128 128 128 3.44046 6.24477 11.2129
632 128 128 128 4.61301 6.30745 11.2869
633 128 128 128 7.98253 6.39697 11.4021
634 128 128 128 3.77342 6.26461 11.1064
636 128 128 128 5.81285 6.39591 11.3015
637 128 128 128 2.48525 6.23193 11.0047
641 128 128 128 4.43908 6.35581 10.9683
644 128 128 128 3.99976 6.3441 10.75
648 128 128 128 5.9865 6.4448 10.7443
652 128 128 128 5.91937 6.4233 10.6141
653 128 128 128 2.88792 6.33544 10.4478
654 128 128 128 -5.29543 6.07574 9.97274
656 128 128 128 6.91006 6.52187 10.5998
657 128 128 128 7.89565 6.45096 10.3748
660 128 128 128 5.31558 6.46159 10.4095
663 128 128 128 -2.53131 -7.83211 17.0179
666 128 128 128 6.66851 -7.26314 16.3942
667 128 128 128 7.43497 -7.34007 16.5206
668 128 128 128 6.41143 -7.5479 18.035
672 128 128 128 -12.5457 -7.91617 23.4936
677 128 128 128 13.3229 -6.92948 24.2058
678 128 128 128 -7.3572 -4.16784 14.7481
679 128 128 128 5.32971 -7.07966 25.7233
680 128 128 128 10.3236 -7.29752 26.701
681 128 128 128 5.52826 -7.02783 25.7356
682 128 128 128 10.5974 -7.28227 26.8983
683 128 128 128 10.322 -7.18659 27.0951
684 128 128 128 -0.00867612 -6.72816 25.1944
685 128 128 128 11.9601 -7.02193 27.0666
687 128 128 128 14.1226 -5.94931 24.9587
690 128 128 128 10.2656 -6.36844 27.1997
691 128 128 128 -0.223585 -5.89129 25.6447
694 128 128 128 13.0021 -5.04237 24.7055
695 128 128 128 11.5209 -4.8354 27.1181
696 128 128 128 13.0352 -4.32561 24.519
697 128 128 128 13.8252 -4.34685 25.0709
698 128 128 128 12.5132 -3.86148 24.7488
699 128 128 128 13.7991 -3.88356 25.1109
700 128 128 128 -3.44831 -2.7382 17.9534
701 128 128 128 -0.447123 -3.67461 25.0774
703 128 128 128 -7.42616 -2.04084 15.0638
704 128 128 128 12.8216 -2.98631 24.9335
705 128 128 128 13.0495 -2.94533 24.7551
706 128 128 128 13.0204 -2.87042 24.9572
707 128 128 128 11.8349 -2.90754 27.8454
708 128 128 128 11.8797 -2.85929 27.3818
709 128 128 128 12.7461 -2.45292 25.0996
710 128 128 128 -6.25373 -2.35341 25.3096
712 128 128 128 -6.62071 -1.88249 25.1934
713 128 128 128 12.7769 -1.64652 25.2868
715 128 128 128 12.4386 -1.28504 25.1361
717 128 128 128 24.3905 -1.31538 30.3872
719 128 128 128 12.6116 -0.989951 25.1403
722 128 128 128 12.6244 -0.581025 25.2482
723 128 128 128 13.153 -0.537782 25.2159
724 128 128 128 12.9382 -0.223315 25.1788
726 128 128 128 12.5973 0.931498 25.5444
727 128 128 128 6.16954 0.832506 16.5107
728 128 128 128 13.1165 1.36197 25.5153
729 128 128 128 12.5023 1.39219 25.7457
730 128 128 128 12.6277 1.49081 25.6965
732 128 128 128 13.0392 2.20605 25.5708
734 128 128 128 11.5098 3.64869 26.7985
739 128 128 128 -12.5217 3.22907 22.0347
740 128 128 128 12.3681 3.84362 25.6239
742 128 128 128 -13.2562 3.39408 21.7776
745 128 128 128 -13.2034 3.5437 21.9297
747 128 128 128 -13.9664 3.79363 22.2843
748 128 128 128 -14.368 3.80442 21.9258
749 128 128 128 -12.7548 3.89627 22.3431
751 128 128 128 6.12499 3.41981 16.5211
752 128 128 128 -3.72915 4.20778 18.6919
756 128 128 128 -0.93404 1.77415 6.60751
757 128 128 128 -0.96983 1.80713 6.61585
758 128 128 128 -1.07093 1.82005 6.65145
759 128 128 128 -0.878808 1.80793 6.59656
762 128 128 128 -0.544594 1.84004 6.54083
763 128 128 128 -0.174168 1.84751 6.53805
764 128 128 128 0.0211605 1.86218 6.57701
765 128 128 128 -0.738817 1.86164 6.53559
766 128 128 128 -0.222893 1.86394 6.53224
767 128 128 128 0.139543 1.8926 6.5851
768 128 128 128 -0.42731 1.87977 6.52728
770 128 128 128 -0.141269 1.88882 6.54297
771 128 128 128 2.98651 4.65818 16.0571
773 128 128 128 -0.647716 1.92807 6.54703
774 128 128 128 -0.736653 1.93837 6.53505
776 128 128 128 3.70855 4.85738 16.1996
777 128 128 128 -0.158748 1.97546 6.56338
778 128 128 128 -0.703902 1.98549 6.55936
779 128 128 128 -0.345276 1.96867 6.50833
780 128 128 128 0.0371137 1.98486 6.55475
781 128 128 128 6.44912 5.01052 16.585
782 128 128 128 -0.616051 1.98975 6.55114
783 128 128 128 -0.54184 1.98843 6.5475
784 128 128 128 -0.459736 1.9982 6.5407
785 128 128 128 -0.127759 2.01157 6.57096
786 128 128 128 0.0720217 2.02306 6.56609
787 128 128 128 -10.0878 5.0234 16.2498
788 128 128 128 -0.568122 2.04799 6.56118
789 128 128 128 0.0219547 2.04569 6.53926
790 128 128 128 -0.809039 2.06907 6.57816
792 128 128 128 3.29505 5.10287 16.0816
793 128 128 128 -0.616405 2.1104 6.56623
794 128 128 128 -0.189048 2.12126 6.58238
795 128 128 128 -0.328591 2.12353 6.50554
797 128 128 128 9.72326 5.58451 16.8293
798 128 128 128 -0.441729 2.15224 6.53232
799 128 128 128 6.84806 5.53222 16.4172
806 128 128 128 -7.61729 5.2618 14.4858
807 128 128 128 -3.5737 3.70545 10.1425
808 128 128 128 -3.39954 3.68991 10.0728
809 128 128 128 -3.51752 3.76996 10.1735
815 128 128 128 3.36179 4.73513 12.3332
818 128 128 128 5.39611 5.82422 14.1455
819 128 128 128 8.64266 6.08737 14.3185
823 128 128 128 -2.82093 4.43824 9.98472
824 128 128 128 8.38999 6.11826 13.6026
827 128 128 128 6.26716 6.07327 13.3512
828 128 128 128 2.57931 5.91907 12.6938
831 128 128 128 4.00677 5.99508 12.4924
832 128 128 128 -6.5846 5.73129 11.9819
838 128 128 128 -3.33554 5.11927 10.3295
839 128 128 128 1.53565 6.01082 11.8304
841 128 128 128 8.34608 6.34173 12.1347
842 128 128 128 5.12519 6.24455 11.8075
844 128 128 128 -5.09512 5.90295 10.995
845 128 128 128 7.0139 6.36007 11.7191
847 128 128 128 1.58587 6.19091 11.1562
848 128 128 128 5.29799 6.35896 11.3062
851 128 128 128 7.27665 6.41581 11.1415
852 128 128 128 8.53037 6.38136 11.0577
853 128 128 128 -3.77052 6.05644 10.2404
854 128 128 128 3.72739 6.34962 10.7245
856 128 128 128 3.95771 6.36423 10.6855
859 128 128 128 8.07083 6.42919 10.447
866 128 128 128 8.33744 -7.60284 18.2239
870 128 128 128 -3.53645 -9.01046 23.771
871 128 128 128 9.99028 -8.11587 21.6171
872 128 128 128 -2.75592 -9.02998 24.0091
880 128 128 128 -7.26921 -4.24102 14.7879
882 128 128 128 0.00481477 -7.10409 25.0633
883 128 128 128 -7.26403 -4.07752 14.7987
885 128 128 128 5.25379 -6.80141 26.136
886 128 128 128 11.8887 -6.47139 27.0443
887 128 128 128 -17.1062 -5.54442 24.2557
888 128 128 128 13.864 -5.57823 24.9002
889 128 128 128 -10.9475 -4.88751 24.1362
892 128 128 128 -10.7586 -4.71556 24.5124
894 128 128 128 12.8289 -4.07509 24.9268
895 128 128 128 12.8016 -3.87874 24.9219
896 128 128 128 -10.2506 -3.96508 24.834
897 128 128 128 0.0706662 -4.01578 25.9115
898 128 128 128 -0.32866 -3.98097 25.6982
899 128 128 128 1.59888 -2.804 18.5341
900 128 128 128 4.95376 -3.91745 26.6898
901 128 128 128 5.38356 -3.91784 26.7314
902 128 128 128 12.78 -3.45843 24.7327
903 128 128 128 12.9721 -3.41271 24.6989
904 128 128 128 13.3221 -3.43841 24.8078
905 128 128 128 12.4249 -3.1906 24.703
906 128 128 128 -3.09735 -2.35294 18.0526
908 128 128 128 -0.273589 -2.98332 25.7908
910 128 128 128 7.53722 -3.04364 27.1105
912 128 128 128 6.32857 -1.8329 16.4775
915 128 128 128 12.5374 -1.7498 25.1816
917 128 128 128 13.2305 -1.52908 25.0844
921 128 128 128 13.6624 -0.844708 25.5753
922 128 128 128 -17.0116 -0.873842 24.9275
923 128 128 128 13.6928 -0.564835 25.703
925 128 128 128 13.5674 0.396492 25.7037
927 128 128 128 -3.19581 0.465382 18.488
928 128 128 128 -2.04385 0.682354 26.5205
929 128 128 128 5.33709 0.60063 16.4116
930 128 128 128 13.5259 1.16488 25.8043
934 128 128 128 19.4252 2.75304 29.639
935 128 128 128 -3.29822 2.37384 18.8604
938 128 128 128 -6.94782 3.47722 25.5045
939 128 128 128 -12.4433 3.17166 22.5875
941 128 128 128 -12.4776 3.43481 22.533
944 128 128 128 -14.6208 3.81337 22.0174
945 128 128 128 0.500093 2.88562 15.7868
947 128 128 128 0.478478 3.10548 15.7837
948 128 128 128 0.497686 3.51219 15.7671
949 128 128 128 0.480137 3.83537 15.7577
950 128 128 128 4.83841 4.03023 16.3194
952 128 128 128 6.12792 4.35599 16.4905
953 128 128 128 -0.716145 1.7736 6.57705
954 128 128 128 -5.00236 4.85418 17.8401
955 128 128 128 -5.17999 4.86228 17.6168
959 128 128 128 -0.913495 1.85907 6.61058
960 128 128 128 -0.45878 1.84075 6.53086
961 128 128 128 -0.382225 1.843 6.52828
962 128 128 128 -0.284186 1.84459 6.52523
963 128 128 128 0.102334 1.86192 6.5955
964 128 128 128 -0.0773871 1.85928 6.55263
965 128 128 128 6.45391 4.76825 16.5611
967 128 128 128 -0.968619 1.94707 6.62709
968 128 128 128 -0.390055 1.92222 6.52028
970 128 128 128 -6.64816 5.02276 16.8584
972 128 128 128 -6.76429 4.98587 16.4318
974 128 128 128 -0.222176 2.00255 6.55276
975 128 128 128 -0.38858 1.99852 6.51249
978 128 128 128 3.16995 5.12822 16.1793
979 128 128 128 -0.726551 2.08421 6.55286
983 128 128 128 -0.535514 2.10763 6.55477
984 128 128 128 -0.409722 2.10967 6.51877
988 128 128 128 2.94493 4.4202 12.1936
989 128 128 128 3.33692 4.45394 12.1649
990 128 128 128 3.62888 4.47109 12.1083
992 128 128 128 3.64082 4.72298 12.2947
993 128 128 128 -3.97368 4.02499 10.3906
996 128 128 128 -4.06968 4.30687 10.4968
997 128 128 128 9.07627 5.73346 13.8471
999 128 128 128 9.0897 5.80731 13.7062
1000 128 128 128 6.52552 5.92951 13.974
1001 128 128 128 -3.19036 4.30708 10.1927
1003 128 128 128 10.8244 6.09937 14.0097
1004 128 128 128 -3.09039 4.43636 10.0795
1005 128 128 128 2.15996 5.7177 12.8511
1007 128 128 128 -3.30637 4.73724 10.2398
1008 128 128 128 2.29598 5.90824 12.7567
1010 128 128 128 3.24232 5.96191 12.6149
1011 128 128 128 4.32551 6.02635 12.7263
1012 128 128 128 3.86411 5.98834 12.5154
1015 128 128 128 -8.05075 5.71609 11.7692
1016 128 128 128 7.06792 6.2264 12.5916
1017 128 128 128 -3.50759 5.28691 10.3633
1018 128 128 128 4.86676 6.23553 11.775
1019 128 128 128 6.19684 6.29682 11.7729
1020 128 128 128 -3.50204 5.72132 10.4106
1023 128 128 128 -5.32663 5.98365 10.5577
1024 128 128 128 -6.07423 5.95462 10.4585
1025 128 128 128 3.5557 6.30469 10.8879
1026 128 128 128 6.7373 6.47113 11.0216
1027 128 128 128 7.34928 6.48461 10.6321
1029 128 128 128 -2.75884 -7.94093 17.4865
1030 128 128 128 6.3881 -7.31507 16.9649
1031 128 128 128 6.65667 -7.14294 16.6281
1032 128 128 128 -6.93073 -8.80924 22.6699
1033 128 128 128 -6.78506 -9.23491 23.8402
1034 128 128 128 -3.90042 -8.97194 23.6029
1035 128 128 128 -12.5751 -8.37148 23.837
1040 128 128 128 2.70428 -7.39573 25.6664
1044 128 128 128 10.47 -7.03376 26.9628
1045 128 128 128 -2.98318 -4.41234 17.5854
1046 128 128 128 -16.8242 -4.66224 24.2895
1047 128 128 128 13.492 -4.37086 24.8868
1048 128 128 128 -3.05293 -2.76067 17.9252
1050 128 128 128 -1.60138 -3.66126 25.2657
1051 128 128 128 7.33677 -3.85961 26.9139
1054 128 128 128 12.3261 -2.99979 25.0049
1055 128 128 128 5.11948 -3.12283 26.7293
1056 128 128 128 0.167467 -3.01747 26.1022
1057 128 128 128 1.93076 -1.88002 18.5867
1061 128 128 128 0.0393409 0.645011 15.8751
1062 128 128 128 -3.17881 0.922147 18.5996
1063 128 128 128 24.3329 2.9277 31.3004
1065 128 128 128 11.5352 3.42431 27.9366
1067 128 128 128 -3.68117 2.38646 18.7784
1071 128 128 128 -12.532 3.08917 22.3482
1072 128 128 128 13.3146 3.80403 26.2287
1073 128 128 128 -12.2723 3.35257 22.6743
1075 128 128 128 14.047 4.08931 26.473
1076 128 128 128 -13.9752 3.51995 22.1926
1078 128 128 128 -14.966 3.90954 22.1002
1079 128 128 128 -12.9343 3.91348 21.5516
1080 128 128 128 6.31287 3.32097 16.5464
1081 128 128 128 6.50717 4.12757 16.6389
1083 128 128 128 -0.0280535 1.8192 6.58518
1084 128 128 128 -0.489841 1.91792 6.54132
1085 128 128 128 6.09983 4.89787 16.5524
1086 128 128 128 -0.84791 1.97857 6.53297
1087 128 128 128 -0.0224321 2.01292 6.55964
1088 128 128 128 -0.665874 2.02319 6.54945
1089 128 128 128 0.123985 2.06392 6.55725
1090 128 128 128 0.0386806 2.12248 6.54988
1092 128 128 128 6.63278 5.50048 16.468
1093 128 128 128 7.18183 5.67195 15.9734
1094 128 128 128 7.22073 5.68144 15.6883
1096 128 128 128 3.25087 4.57524 12.2289
1097 128 128 128 4.01042 4.51574 12.0728
1098 128 128 128 2.13343 4.74676 12.5692
1100 128 128 128 3.73867 4.60494 12.1588
1104 128 128 128 2.21756 5.0239 12.6621
1106 128 128 128 4.22025 5.03332 12.4257
1108 128 128 128 -3.75776 4.28132 10.3402
1111 128 128 128 -8.86088 5.54294 13.1047
1112 128 128 128 -2.93366 4.34604 10.1049
1113 128 128 128 -3.22183 4.38976 10.1529
1114 128 128 128 -2.67442 4.34934 9.93138
1115 128 128 128 -2.95336 4.43053 10.0513
1116 128 128 128 -2.69518 4.45722 9.91733
1117 128 128 128 9.09015 6.25823 13.8885
1118 128 128 128 -3.52388 4.66627 10.2225
1119 128 128 128 -7.42598 5.68626 11.9258
1120 128 128 128 -3.5787 5.17842 10.3665
1121 128 128 128 -6.60137 5.82499 11.2781
1122 128 128 128 7.38318 6.37121 11.3873
1125 128 128 128 -3.02465 5.84827 10.2989
1128 128 128 128 5.23151 -7.33475 16.5296
1129 128 128 128 5.98188 -7.41368 17.1248
1130 128 128 128 -3.12451 -8.385 19.9061
1132 128 128 128 -10.1778 -7.49624 23.7776
1134 128 128 128 -3.40961 -4.43046 17.6798
1135 128 128 128 5.15799 -6.15008 26.0062
1136 128 128 128 12.3792 -5.68498 24.5232
1138 128 128 128 -10.6901 -4.93938 24.3823
1140 128 128 128 13.036 -4.22758 24.596
1142 128 128 128 12.2366 -3.61459 24.6507
1143 128 128 128 7.85794 -3.85774 26.8912
1145 128 128 128 -3.49114 -2.29559 17.9577
1146 128 128 128 1.5681 -2.2764 18.8384
1149 128 128 128 12.351 -2.43533 25.1515
1153 128 128 128 24.9762 -1.72351 30.6819
1154 128 128 128 12.0861 -1.02967 24.8942
1155 128 128 128 -1.76519 1.4635 26.6019
1156 128 128 128 -7.75144 1.29563 15.6567
1158 128 128 128 -13.7367 3.16529 22.0113
1159 128 128 128 6.55117 3.54266 16.6407
1163 128 128 128 2.72687 4.69652 15.9745
1164 128 128 128 4.06779 5.17616 16.3162
1165 128 128 128 -7.2326 4.99216 15.6937
1170 128 128 128 3.48994 4.57845 12.1851
1171 128 128 128 7.65283 5.80368 15.1415
1172 128 128 128 -3.60328 3.88311 10.1634
1173 128 128 128 -8.42643 5.44256 14.0014
1174 128 128 128 -3.45315 4.03426 10.09
1175 128 128 128 8.11761 5.9481 14.6149
1177 128 128 128 8.43212 6.01763 14.1243
1178 128 128 128 -8.88805 5.55962 12.6706
1179 128 128 128 4.15613 5.92467 12.5977
1181 128 128 128 2.03757 6.1314 11.4304
1182 128 128 128 -3.29282 5.79279 10.3739
1183 128 128 128 -2.7438 5.86149 10.1556
1185 128 128 128 8.6415 -7.22943 15.7868
1188 128 128 128 5.5935 -7.50477 17.4457
1190 128 128 128 -3.7987 -8.97911 24.3325
1191 128 128 128 -2.81423 -8.73224 23.8758
1192 128 128 128 -3.94703 -8.56401 24.3715
1193 128 128 128 -2.83067 -8.50838 24.422
1194 128 128 128 -16.8821 -6.76154 23.2927
1195 128 128 128 -16.829 -6.99304 24.2102
1197 128 128 128 5.2514 -6.96815 26.0263
1198 128 128 128 12.4443 -6.44622 24.4308
1199 128 128 128 -3.23391 -4.63379 17.7108
1200 128 128 128 1.73141 -4.44096 17.7274
1201 128 128 128 10.1024 -6.80397 27.0373
1202 128 128 128 -1.87452 -6.09867 25.2327
1203 128 128 128 -17.3284 -5.69851 25.1081
1205 128 128 128 -10.3509 -4.54794 24.2717
1206 128 128 128 -10.8481 -3.09408 24.6108
1207 128 128 128 14.0789 -3.02992 25.3027
1208 128 128 128 12.0793 -3.22151 27.45
1210 128 128 128 11.5259 -2.71277 28.0598
1211 128 128 128 14.0827 -2.28434 25.3942
1212 128 128 128 24.9884 -1.075 30.8819
1214 128 128 128 -2.17246 1.4214 26.3316
1217 128 128 128 13.4096 3.61109 25.5326
1219 128 128 128 -14.2995 3.84209 22.2748
1220 128 128 128 0.178871 3.55128 15.753
1222 128 128 128 -6.88538 4.80995 16.1452
1223 128 128 128 5.82126 5.01162 16.3861
1224 128 128 128 3.6308 5.07434 16.1349
1225 128 128 128 6.51582 5.2315 16.512
1226 128 128 128 6.2461 5.33491 16.6333
1228 128 128 128 3.05708 4.2765 12.0968
1230 128 128 128 4.08495 4.36801 12.0464
1231 128 128 128 7.28416 5.7361 15.3087
1232 128 128 128 3.80191 4.74165 12.2659
1233 128 128 128 4.07672 4.76918 12.2203
1238 128 128 128 -2.15331 -7.21696 13.4723
1240 128 128 128 -0.0221455 -6.74781 24.3661
1241 128 128 128 11.9559 -6.62222 24.5788
1242 128 128 128 -10.0807 -6.50678 24.5968
1246 128 128 128 -17.3786 -5.48708 24.042
1247 128 128 128 -10.3616 -5.3342 24.2229
1248 128 128 128 -17.1646 -5.05958 24.279
1249 128 128 128 11.4482 -4.13133 27.6266
1250 128 128 128 -3.31428 -2.62403 18.0738
1251 128 128 128 -2.07125 -3.0621 25.9282
1253 128 128 128 -10.2584 2.2603 25.511
1254 128 128 128 -1.71351 2.68766 26.9295
1255 128 128 128 6.16999 1.9471 16.5739
1256 128 128 128 -0.0406702 1.87905 15.8518
1259 128 128 128 -13.7133 3.93014 22.1264
1261 128 128 128 3.0381 4.58485 12.297
1264 128 128 128 -4.11075 4.48644 10.5447
1265 128 128 128 8.49981 6.10889 13.6948
1270 128 128 128 11.9999 -3.89654 27.5131
1272 128 128 128 12.4516 -2.23784 25.1752
1273 128 128 128 13.1063 -1.08556 25.3133
1274 128 128 128 -3.33433 0.648271 18.8364
1275 128 128 128 1.59855 0.726158 16.003
1277 128 128 128 5.11051 0.760694 16.3938
1278 128 128 128 1.0292 1.26438 15.9773
1279 128 128 128 1.58115 1.26292 15.9817
1280 128 128 128 2.18115 1.28149 16.0612
1281 128 128 128 2.75843 1.27953 16.1268
1282 128 128 128 5.10362 1.31406 16.3889
1283 128 128 128 5.65455 1.31007 16.3393
1284 128 128 128 12.9073 2.00644 25.5945
1285 128 128 128 2.17074 1.86521 16.0535
1286 128 128 128 5.09354 1.89275 16.368
1287 128 128 128 5.69788 1.9095 16.4668
1288 128 128 128 1.5689 2.44829 15.9563
1289 128 128 128 2.74853 2.46507 16.153
1291 128 128 128 5.08594 2.49361 16.3866
1292 128 128 128 5.64195 2.48545 16.3104
1293 128 128 128 5.08364 3.08247 16.3914
1294 128 128 128 5.67419 3.09805 16.4642
1295 128 128 128 1.55665 3.62688 15.9266
1296 128 128 128 3.9017 3.66202 16.2522
1297 128 128 128 4.48325 3.67007 16.3087
1298 128 128 128 5.06522 3.66874 16.382
1299 128 128 128 5.65431 3.67749 16.3991
1300 128 128 128 5.0727 4.24693 16.3948
1301 128 128 128 0.965869 4.17464 15.7854
1302 128 128 128 3.30396 4.2426 16.1286
1303 128 128 128 3.8875 4.25731 16.2182
1304 128 128 128 4.46696 4.25961 16.2744
1305 128 128 128 5.65191 4.29092 16.4847
1306 128 128 128 2.13647 4.19503 15.8773
1308 128 128 128 9.18962 6.1134 13.9309
1313 128 128 128 -4.07348 -8.71907 21.9576
1316 128 128 128 -17.0179 -6.39217 23.9115
1317 128 128 128 12.3445 -3.97856 24.6164
1318 128 128 128 13.1883 -3.35358 25.1584
1322 128 128 128 0.985421 0.643942 15.921
1324 128 128 128 5.70496 0.712361 16.4646
1326 128 128 128 0.966906 1.84008 15.9047
1327 128 128 128 1.57641 1.85235 15.9636
1329 128 128 128 0.988963 2.44328 15.9321
1330 128 128 128 2.15945 2.44531 16.0107
1331 128 128 128 0.367537 3.03229 15.8147
1332 128 128 128 0.95882 3.0285 15.8545
1333 128 128 128 1.56441 3.02395 15.9195
1334 128 128 128 6.64136 3.65766 16.5815
1335 128 128 128 0.967968 3.63046 15.889
1339 128 128 128 -8.32502 -8.9256 27.0355
1341 128 128 128 19.3627 -7.95996 27.0584
1342 128 128 128 14.5891 -5.55866 25.2923
1343 128 128 128 -17.1343 -4.82819 24.2778
1347 128 128 128 12.0742 -5.43085 26.7607
1348 128 128 128 -1.05199 -4.3692 25.769
1350 128 128 128 6.52775 -4.16222 27.0332
1352 128 128 128 7.8307 -7.93082 20.1198
1356 128 128 128 12.0224 -8.0843 25.7449
1359 128 128 128 3.91407 4.738 12.7759
1361 128 128 128 -9.88882 -9.2418 25.1766
1363 128 128 128 -7.2494 -7.86658 15.7452
1364 128 128 128 2.04549 -7.72605 17.0822
1365 128 128 128 0.239812 -5.13409 24.1814
1366 128 128 128 0.0197417 0.214261 24.3842
1375 128 128 128 1.75614 -4.51927 18.0768
1376 128 128 128 1.93104 -4.49424 18.0411
1377 128 128 128 7.53876 -6.32545 26.5555
1378 128 128 128 13.098 -5.10797 24.4686
1383 128 128 128 -0.631979 -3.83229 25.7256
1384 128 128 128 10.5846 -3.79695 27.3306
1397 128 128 128 -3.24697 0.666604 18.4256
1404 128 128 128 -3.67335 4.35846 18.9515
1406 128 128 128 -0.973939 1.77427 6.6159
1407 128 128 128 -7.46473 4.54755 16.269
1410 128 128 128 -3.55429 3.48766 11.0257
1411 128 128 128 -0.549296 2.10122 6.5625
1420 128 128 128 -3.10556 4.3398 10.1371
1432 128 128 128 -3.89901 5.71126 10.5809
1446 128 128 128 7.62894 -7.28874 15.9097
1451 128 128 128 5.74323 -7.36951 17.1782
1453 128 128 128 12.4086 -8.38749 23.2105
1459 128 128 128 5.44295 -6.91054 24.4527
1460 128 128 128 11.1347 -7.16028 27.1843
1464 128 128 128 6.48396 -3.96789 16.0682
1465 128 128 128 11.7865 -5.69545 26.0403
1469 128 128 128 13.0347 -4.0966 24.7514
1481 128 128 128 6.32045 -1.92657 16.4415
1482 128 128 128 12.9867 -2.46607 25.0064
1486 128 128 128 10.7972 -1.71637 27.5326
1488 128 128 128 12.881 -1.29312 25.1024
1496 128 128 128 -7.6532 0.882592 15.3347
1498 128 128 128 -7.48488 1.09067 15.4224
1509 128 128 128 9.28073 2.1466 13.297
1510 128 128 128 6.09745 3.02678 16.4927
1511 128 128 128 0.278859 3.20012 15.7434
1513 128 128 128 -3.59279 4.3448 18.9926
1517 128 128 128 12.6002 5.11092 20.9825
1519 128 128 128 -7.53758 4.74317 15.9518
1523 128 128 128 3.42308 4.66411 16.1788
1527 128 128 128 0.351719 4.79517 15.6827
1528 128 128 128 3.6032 4.84643 16.1908
1542 128 128 128 -3.72195 3.80408 10.2473
1544 128 128 128 -3.55387 3.81083 10.1605
1550 128 128 128 9.12115 5.9292 13.8847
1551 128 128 128 -6.00782 5.56926 11.612
1554 128 128 128 6.5418 6.0387 13.4278
1560 128 128 128 -4.97441 5.73718 11.4479
1568 128 128 128 5.08572 6.16654 12.2973
1573 128 128 128 6.49539 6.22662 12.2849
1598 128 128 128 16.127 -8.47118 24.7776
1601 128 128 128 1.85985 -4.663 18.051
1602 128 128 128 7.73965 -6.73636 26.5012
1603 128 128 128 -3.2163 -4.43431 17.4001
1606 128 128 128 7.50828 -5.97927 26.6304
1610 128 128 128 10.6644 -3.76329 26.5164
1611 128 128 128 10.4153 -3.83606 27.4769
1612 128 128 128 10.5241 -3.70994 27.4639
1614 128 128 128 11.992 -2.0692 26.2448
1615 128 128 128 1.58334 -1.29877 18.8291
1631 128 128 128 -8.68223 3.39178 26.0725
1632 128 128 128 -2.35072 3.41169 26.7332
1640 128 128 128 -1.09184 1.85686 6.64075
1642 128 128 128 -0.471288 1.86793 6.53134
1646 128 128 128 1.78219 4.64036 15.9175
1647 128 128 128 2.17636 4.65064 15.9803
1652 128 128 128 1.51439 5.33914 15.8463
1653 128 128 128 1.64507 5.31501 15.8456
1656 128 128 128 -3.70971 3.90736 10.2134
1657 128 128 128 9.85041 5.75051 16.4299
1659 128 128 128 6.63684 5.73476 15.2353
1662 128 128 128 9.34068 5.80844 13.7931
1668 128 128 128 -5.36523 5.70284 11.3179
1669 128 128 128 7.5556 6.15585 13.2265
1670 128 128 128 8.92961 6.29748 13.355
1680 128 128 128 8.1201 6.49686 11.1643
1682 128 128 128 4.56461 6.42952 10.6407
1686 128 128 128 6.45809 -7.09802 15.7471
1687 128 128 128 5.67096 -7.55798 17.9445
1690 128 128 128 14.1343 -8.5803 24.5523
1698 128 128 128 7.51831 -5.7868 26.6813
1699 128 128 128 -0.246387 -4.80555 25.6907
1713 128 128 128 13.0941 1.88833 25.6259
1717 128 128 128 -8.09303 3.3213 25.6077
1719 128 128 128 0.614807 2.39132 15.8638
1723 128 128 128 6.14021 2.80217 16.5489
1726 128 128 128 -0.982697 4.75335 19.1895
1727 128 128 128 -0.579056 4.76363 19.2376
1729 128 128 128 0.357825 4.16558 15.7164
1732 128 128 128 -0.541506 1.93824 6.54818
1738 128 128 128 -4.27189 3.97875 10.5346
1739 128 128 128 11.6758 5.86755 16.7033
1740 128 128 128 7.76867 5.80394 15.1232
1746 128 128 128 7.81729 6.24537 13.0221
1749 128 128 128 -3.42428 5.66813 10.4111
1750 128 128 128 6.24725 6.30336 11.9306
1751 128 128 128 8.79123 6.39431 12.3057
1753 128 128 128 4.53357 6.3545 10.9942
1756 128 128 128 12.946 -5.71464 24.4325
1762 128 128 128 10.8707 -3.93709 27.4083
1764 128 128 128 10.9786 -2.96396 27.8762
1765 128 128 128 -6.671 -2.30484 25.1095
1766 128 128 128 13.1673 -2.11418 24.8752
1768 128 128 128 12.4964 -0.338224 25.4066
1780 128 128 128 0.611426 3.60448 15.769
1781 128 128 128 4.12986 4.34759 16.2784
1784 128 128 128 2.49374 4.79051 15.9984
1785 128 128 128 10.3577 5.41733 18.6263
1790 128 128 128 5.58559 6.26212 11.9591
1791 128 128 128 8.13739 6.47243 11.4232
1798 128 128 128 0.782581 2.81614 15.8302
1799 128 128 128 -3.53779 4.02251 19.0749
1800 128 128 128 6.14727 3.80507 16.561
1802 128 128 128 6.33355 4.22623 16.5955
1806 128 128 128 7.26043 5.68844 15.782
1808 128 128 128 -3.36982 5.23354 10.3013
1819 128 128 128 13.4263 -2.39682 25.1804
1822 128 128 128 1.17437 0.484331 15.988
1823 128 128 128 12.126 0.686018 25.372
1831 128 128 128 5.79352 -6.9427 14.7725
1838 128 128 128 -0.0615024 -3.254 26.1462
1841 128 128 128 5.7138 0.357026 16.4856
1875 128 128 128 2.72819 4.22261 16.0719
1882 128 128 128 0.679115 -3.06721 27.1776
1895 128 128 128 13.1382 -8.26319 24.1105
1896 128 128 128 12.3778 -8.41614 24.736
1901 128 128 128 7.70857 -7.42883 26.4414
1907 128 128 128 12.8369 -6.62722 25.7956
1919 128 128 128 33.3122 -3.02219 29.1494
1921 128 128 128 12.847 -3.17724 25.1413
1922 128 128 128 10.4977 -3.66418 27.707
1926 128 128 128 12.5682 -3.18436 26.1192
1927 128 128 128 10.8182 -3.30895 26.2521
1928 128 128 128 10.9879 -3.2792 26.1845
1929 128 128 128 2.64559 -3.78314 26.192
1930 128 128 128 11.692 -3.15909 26.3443
1938 128 128 128 11.0598 -2.23483 27.7766
1948 128 128 128 30.8357 2.78924 31.8929
1952 128 128 128 13.6367 2.75694 26.3102
1962 128 128 128 9.91314 5.23465 19.1186
1976 128 128 128 10.0713 5.78078 15.4395
1979 128 128 128 12.2925 6.10826 14.1701
1980 128 128 128 -0.692186 4.76899 19.4093
1989 128 128 128 10.5731 6.09909 13.8664
1992 128 128 128 -0.901196 1.92113 6.63635
1993 128 128 128 13.0039 6.47702 12.0955
1997 128 128 128 -0.520824 2.05466 6.55654
1998 128 128 128 -1.56875 4.99789 17.4443
2000 128 128 128 -1.56244 5.02558 17.3554
2002 128 128 128 -0.372972 2.12837 6.48996
2005 128 128 128 -2.42619 4.94938 17.2566
2009 128 128 128 -3.93121 4.93497 17.2198
2012 128 128 128 8.74809 6.29802 11.9772
2013 128 128 128 -5.30212 4.89931 17.4431
2014 128 128 128 -5.25278 4.89816 17.2824
2026 128 128 128 -6.25181 4.99993 16.736
2051 128 128 128 6.9159 6.55635 10.0245
2056 128 128 128 -3.80693 3.85544 10.3263
2057 128 128 128 -3.76543 3.88044 10.3455
2060 128 128 128 -5.02753 5.35872 14.3356
2087 128 128 128 4.61609 6.48782 9.7344
2090 128 128 128 -5.46554 5.45453 13.6445
2093 128 128 128 -3.65284 4.32305 10.2255
2099 128 128 128 -1.09022 5.91405 11.6157
2102 128 128 128 -1.09238 5.93665 11.5755
2111 128 128 128 -1.21187 5.94309 11.4732
2121 128 128 128 -3.74052 4.68469 10.3262
2126 128 128 128 -1.38136 5.95698 11.2219
2128 128 128 128 -3.73882 4.77212 10.3518
2130 128 128 128 -3.82852 4.77419 10.3679
2146 128 128 128 -3.80089 4.96448 10.4012
2150 128 128 128 -1.91289 6.00143 11.0648
2161 128 128 128 -3.70097 5.12802 10.3569
2184 128 128 128 7.22057 -6.95784 14.7486
2185 128 128 128 8.27581 -7.11759 15.6184
2187 128 128 128 7.0707 -7.18473 16.5067
2195 128 128 128 12.4184 -7.76253 23.9482
2196 128 128 128 12.2345 -7.57031 23.8546
2197 128 128 128 -1.78425 -7.85258 25.0778
2203 128 128 128 12.9602 -5.88426 24.4719
2208 128 128 128 1.92911 -4.36251 18.0915
2209 128 128 128 33.0708 -3.62362 28.9739
2210 128 128 128 32.6952 -3.40832 28.3907
2211 128 128 128 33.3388 -3.4201 29.0868
2212 128 128 128 12.7404 -3.74082 25.0966
2213 128 128 128 12.6556 -3.57246 24.8555
2215 128 128 128 33.3616 -2.99972 29.3514
2216 128 128 128 9.47379 -3.65879 27.1506
2218 128 128 128 1.8964 -2.58469 18.3938
2220 128 128 128 9.28361 -1.14802 12.4953
2221 128 128 128 9.33145 -1.12595 12.4279
2228 128 128 128 25.1484 -2.47623 30.2038
2230 128 128 128 31.1443 -2.17602 31.2704
2241 128 128 128 6.24371 -0.472726 16.4008
2243 128 128 128 -6.40903 -1.73956 25.0528
2244 128 128 128 6.27781 -0.000449598 16.4991
2250 128 128 128 -3.22535 0.600556 18.4957
2252 128 128 128 9.15421 2.14305 12.9038
2253 128 128 128 18.4576 4.37766 27.2906
2258 128 128 128 0.4737 2.01396 15.8002
2259 128 128 128 1.46415 3.6779 27.3236
2271 128 128 128 15.2195 5.81814 16.5051
2272 128 128 128 11.947 5.51173 17.9825
2276 128 128 128 11.5438 5.69311 16.6997
2279 128 128 128 9.87516 5.57292 17.2052
2281 128 128 128 6.38177 4.84888 16.4858
2295 128 128 128 10.9344 5.9183 14.844
2299 128 128 128 14.2775 6.3661 13.1577
2304 128 128 128 -0.0893383 1.93607 6.5482
2308 128 128 128 -3.59526 4.42379 19.0077
2309 128 128 128 -1.06096 1.79872 6.69286
2310 128 128 128 -2.79552 4.70127 19.0832
2312 128 128 128 -2.91672 4.68434 19.0414
2313 128 128 128 -0.717179 4.93781 18.1788
2316 128 128 128 -0.27995 2.02505 6.52391
2319 128 128 128 -0.82262 1.95753 6.5609
2333 128 128 128 7.56258 6.2106 12.6309
2336 128 128 128 -1.73042 5.2281 16.019
2344 128 128 128 7.22787 6.27569 11.8472
2346 128 128 128 -5.80375 4.94014 17.1569
2347 128 128 128 8.88376 6.45789 11.1099
2360 128 128 128 6.4921 6.27987 11.5529
2365 128 128 128 8.89734 6.56697 10.4232
2366 128 128 128 8.6292 6.57671 10.553
2376 128 128 128 -5.9468 5.18031 15.6435
2378 128 128 128 8.78483 6.56254 9.29712
2384 128 128 128 -5.49885 5.23161 15.209
2397 128 128 128 6.45628 6.53284 10.1651
2404 128 128 128 -4.96806 5.35009 14.4009
2409 128 128 128 4.77298 6.38309 10.3617
2411 128 128 128 4.88201 6.41137 10.2886
2413 128 128 128 -5.8986 5.25952 14.4819
2418 128 128 128 4.82184 6.46326 10.0975
2426 128 128 128 -6.3399 5.30494 14.3059
2428 128 128 128 -6.41336 5.30104 14.3171
2430 128 128 128 -6.31536 5.3308 14.2413
2432 128 128 128 3.8958 6.37601 10.1187
2433 128 128 128 7.2997 6.83368 9.02749
2439 128 128 128 7.27207 6.84965 8.97546
2448 128 128 128 7.62441 6.95662 8.7521
2452 128 128 128 4.15507 6.44043 9.67582
2453 128 128 128 3.6522 6.4542 9.96054
2454 128 128 128 5.42961 6.65601 9.29421
2462 128 128 128 5.27195 6.62381 9.25208
2463 128 128 128 6.6452 6.83125 8.86114
2465 128 128 128 3.91625 6.45063 9.71337
2469 128 128 128 5.78969 6.71828 9.08241
2470 128 128 128 -5.07819 5.52299 13.2148
2472 128 128 128 3.65427 6.44573 9.80629
2478 128 128 128 3.95684 6.49565 9.69831
2483 128 128 128 -4.90002 5.53358 13.0225
2486 128 128 128 5.73575 6.73399 8.95335
2487 128 128 128 -3.153 4.68571 10.2157
2491 128 128 128 -2.8275 4.72542 10.0799
2500 128 128 128 3.2657 6.43934 9.63093
2503 128 128 128 5.93861 6.70079 8.5159
2507 128 128 128 5.70728 6.77473 8.7236
2509 128 128 128 -3.8375 4.74075 10.4524
2513 128 128 128 -1.24281 5.97085 11.1863
2514 128 128 128 4.96977 6.6964 8.88783
2515 128 128 128 -4.84825 5.60734 12.5308
2517 128 128 128 4.93366 6.68951 8.80608
2520 128 128 128 -3.69031 4.78837 10.3135
2521 128 128 128 3.82262 6.55201 9.14832
2525 128 128 128 3.75227 6.55327 9.09008
2527 128 128 128 -3.70634 4.87915 10.3481
2528 128 128 128 4.00385 6.61922 9.03204
2533 128 128 128 -1.42518 5.97028 10.9284
2534 128 128 128 2.89545 6.46941 9.30591
2535 128 128 128 4.65383 6.69291 8.70866
2537 128 128 128 5.05503 6.68699 8.43137
2542 128 128 128 -2.59205 5.17443 10.0236
2545 128 128 128 -3.70029 5.05337 10.4318
2550 128 128 128 3.21672 6.54424 9.06241
2561 128 128 128 3.80641 6.63681 8.73803
2562 128 128 128 -3.79462 5.15486 10.4436
2575 128 128 128 3.38052 6.61644 8.72342
2576 128 128 128 3.86138 6.68494 8.55478
2580 128 128 128 4.47383 6.70138 8.14391
2588 128 128 128 -3.49588 5.38793 10.3396
2589 128 128 128 3.97077 6.74147 8.39009
2591 128 128 128 2.68273 6.55165 8.77585
2593 128 128 128 3.05575 6.59067 8.63166
2596 128 128 128 2.82123 6.59747 8.65798
2603 128 128 128 0.405505 -7.61728 16.5918
2607 128 128 128 9.36082 -8.7947 24.9937
2608 128 128 128 16.7603 -8.50536 24.3142
2609 128 128 128 29.2541 -7.94877 24.9849
2610 128 128 128 29.4546 -7.89377 24.8322
2611 128 128 128 0.194007 -7.07589 24.4818
2614 128 128 128 -0.0841728 -7.0415 25.5443
2615 128 128 128 9.32397 -3.09288 12.2637
2616 128 128 128 12.9399 -6.3013 24.3407
2620 128 128 128 34.94 -6.70299 28.4556
2630 128 128 128 31.3385 -4.37837 30.9841
2632 128 128 128 13.4092 -3.82334 24.8912
2636 128 128 128 33.9245 -3.20051 31.7485
2637 128 128 128 34.5108 -2.14452 26.2421
2639 128 128 128 34.8648 -2.41129 29.1553
2641 128 128 128 -3.40119 -2.71703 18.069
2642 128 128 128 1.65011 -2.27529 18.4835
2645 128 128 128 13.708 -2.29832 25.3235
2646 128 128 128 -0.601579 -3.27965 25.7586
2652 128 128 128 13.8504 -1.47203 25.6945
2654 128 128 128 2.51774 -1.66813 26.5671
2655 128 128 128 1.72927 -1.09564 18.8002
2658 128 128 128 0.227538 -0.259798 15.8551
2659 128 128 128 30.9314 2.66394 32.1429
2660 128 128 128 0.197175 -0.00641071 15.8369
2661 128 128 128 6.33972 1.39882 16.4984
2667 128 128 128 1.42828 3.5267 27.1829
2669 128 128 128 11.2846 5.3499 18.9306
2670 128 128 128 12.057 5.43202 18.2944
2674 128 128 128 9.97835 5.43732 17.6809
2676 128 128 128 11.1244 5.64228 16.9429
2680 128 128 128 12.4513 5.92347 14.9634
2684 128 128 128 -0.32635 1.71718 6.59822
2686 128 128 128 0.306304 4.78916 19.4002
2690 128 128 128 0.187118 1.86736 6.60775
2692 128 128 128 0.21643 1.99456 6.52715
2693 128 128 128 0.30181 4.33608 15.7451
2695 128 128 128 7.94142 5.80283 14.5265
2698 128 128 128 11.9586 6.33343 12.8157
2701 128 128 128 8.50519 5.97431 13.8374
2704 128 128 128 -0.786467 1.99731 6.57349
2709 128 128 128 11.0175 6.42183 12.093
2714 128 128 128 11.7008 6.58781 11.2354
2724 128 128 128 -3.20939 5.13113 15.961
2731 128 128 128 9.35858 6.6826 10.3208
2739 128 128 128 8.98026 6.67809 10.2328
2740 128 128 128 8.30504 6.58887 10.3545
2741 128 128 128 -6.39511 5.07382 16.1616
2742 128 128 128 9.41742 6.75378 9.81547
2745 128 128 128 8.60968 6.71179 9.92631
2750 128 128 128 6.93218 6.50082 10.329
2751 128 128 128 8.56009 6.72521 9.83937
2755 128 128 128 9.13829 6.88275 9.44292
2757 128 128 128 6.77674 6.52697 9.90319
2758 128 128 128 -5.04222 5.27652 14.4884
2759 128 128 128 7.80771 6.73753 9.63554
2762 128 128 128 7.2708 6.67095 9.72404
2766 128 128 128 6.98477 6.63669 9.63437
2768 128 128 128 5.74443 6.50708 9.9413
2771 128 128 128 8.41785 6.90775 9.1277
2774 128 128 128 -4.84058 5.41039 14.044
2775 128 128 128 5.47145 6.46486 9.87898
2778 128 128 128 8.06797 6.88677 9.15088
2781 128 128 128 7.02307 6.75273 9.35766
2785 128 128 128 7.90595 6.90573 8.99437
2790 128 128 128 5.64389 6.58779 9.40373
2793 128 128 128 6.92053 6.86118 8.89467
2798 128 128 128 6.09506 6.73299 9.02857
2800 128 128 128 4.14295 6.46423 9.62986
2805 128 128 128 3.80134 6.46661 9.55441
2806 128 128 128 4.52841 6.54941 9.29536
2808 128 128 128 3.86614 6.50471 9.5362
2814 128 128 128 4.57422 6.59101 9.13263
2818 128 128 128 3.50494 6.47173 9.41588
2820 128 128 128 -3.77561 4.72372 10.355
2822 128 128 128 -3.67386 4.77535 10.3536
2824 128 128 128 5.47671 6.62891 8.41584
2826 128 128 128 6.64394 6.97789 8.39244
2827 128 128 128 4.60672 6.64845 8.92113
2828 128 128 128 6.30909 6.93985 8.46648
2830 128 128 128 -3.76715 4.80773 10.3522
2831 128 128 128 -3.73096 4.80121 10.3175
2836 128 128 128 5.02024 6.76997 8.75356
2838 128 128 128 4.12942 6.59317 8.93438
2841 128 128 128 5.10843 6.76148 8.63997
2842 128 128 128 -3.63728 4.90701 10.3223
2843 128 128 128 6.28924 6.96067 8.31877
2849 128 128 128 -3.85684 5.01285 10.4866
2850 128 128 128 5.62476 6.87365 8.36874
2856 128 128 128 4.02535 6.65194 8.70824
2860 128 128 128 5.86712 6.97478 8.17961
2861 128 128 128 5.44528 6.91398 8.2581
2862 128 128 128 4.28754 6.67057 8.48045
2867 128 128 128 3.87668 6.64095 8.56267
2868 128 128 128 4.19278 6.65558 8.40994
2874 128 128 128 -4.00606 5.33021 10.6149
2877 128 128 128 2.82544 6.59351 8.83263
2880 128 128 128 2.76733 6.56939 8.68077
2884 128 128 128 16.2514 -8.16959 22.8442
2885 128 128 128 27.1333 -7.36789 20.8894
2889 128 128 128 0.155677 -7.10324 25.0571
2890 128 128 128 9.49066 -3.06769 12.1674
2891 128 128 128 9.36019 -3.02449 12.1916
2893 128 128 128 10.7068 -6.38838 27.3472
2896 128 128 128 34.2044 -3.10166 28.8246
2898 128 128 128 10.9017 -3.6601 26.7571
2900 128 128 128 1.61774 -2.77621 18.5547
2901 128 128 128 9.16882 -3.56308 26.8191
2902 128 128 128 31.6915 -2.85172 31.5144
2904 128 128 128 33.1204 -2.67465 31.218
2905 128 128 128 -0.4371 -3.81101 25.9673
2906 128 128 128 9.22842 -1.07 12.4412
2907 128 128 128 1.86343 -2.25828 18.3923
2908 128 128 128 0.197125 -0.837239 15.834
2909 128 128 128 0.233588 -0.661155 15.8442
2912 128 128 128 34.8579 3.75572 27.2431
2915 128 128 128 -4.50163 3.59492 26.7079
2916 128 128 128 15.4224 5.84513 16.6861
2917 128 128 128 9.71652 5.41418 18.1114
2921 128 128 128 13.5944 6.21107 14.0893
2922 128 128 128 -0.402327 1.72337 6.62426
2923 128 128 128 0.349979 3.99985 15.7325
2924 128 128 128 0.506666 4.13526 15.7454
2925 128 128 128 -0.730405 1.7225 6.58726
2927 128 128 128 -1.82397 4.7134 19.1007
2932 128 128 128 -0.72401 1.81719 6.53904
2933 128 128 128 -0.38143 1.89409 6.5224
2935 128 128 128 -2.44831 4.74756 19.2061
2939 128 128 128 -2.72467 4.70046 19.0169
2940 128 128 128 0.689433 4.61935 15.7242
2942 128 128 128 -0.09774 2.16797 6.58695
2944 128 128 128 -4.00699 4.71939 18.4475
2945 128 128 128 7.64121 6.0279 13.4238
2946 128 128 128 7.88723 6.27369 12.0704
2947 128 128 128 -3.88039 5.03197 16.5719
2950 128 128 128 -5.23782 5.02461 16.3831
2951 128 128 128 -0.451962 2.72785 6.49989
2952 128 128 128 8.72492 6.58579 10.3279
2955 128 128 128 -0.454899 2.78997 6.44524
2958 128 128 128 8.83487 6.70734 9.93204
2963 128 128 128 7.60784 6.6146 10.0926
2967 128 128 128 6.1098 6.49243 10.0781
2968 128 128 128 7.72666 6.75164 9.49385
2972 128 128 128 -5.09978 5.35496 14.1731
2976 128 128 128 6.83102 6.65948 9.46829
2977 128 128 128 8.25577 6.8818 9.00604
2979 128 128 128 -5.60242 5.3984 14.0273
2980 128 128 128 4.50341 6.43383 10.0146
2983 128 128 128 7.41686 6.86098 8.96131
2984 128 128 128 -2.63489 4.37313 9.89245
2985 128 128 128 -2.57186 4.46989 9.89111
2986 128 128 128 7.01051 6.81927 8.8981
2987 128 128 128 7.81333 7.00003 8.76997
2991 128 128 128 4.71419 6.61673 9.2065
2995 128 128 128 4.28425 6.54563 9.03934
2997 128 128 128 4.53572 6.61561 8.93805
2999 128 128 128 5.74531 6.83638 8.51972
3001 128 128 128 6.58781 7.01044 8.31163
3002 128 128 128 6.73648 7.08098 8.19213
3004 128 128 128 5.82884 6.90342 8.36016
3007 128 128 128 4.98091 6.71183 8.3989
3008 128 128 128 -3.66229 5.09256 10.4036
3010 128 128 128 5.44077 6.87781 8.2973
3011 128 128 128 5.08401 6.69619 8.05162
3012 128 128 128 3.33 6.58509 8.8172
3013 128 128 128 4.68176 6.75933 8.33323
3015 128 128 128 6.04523 7.05092 8.00921
3018 128 128 128 5.75796 7.01453 8.08204
3021 128 128 128 3.64664 6.64441 8.54291
3024 128 128 128 -3.53048 5.48888 10.3601
3027 128 128 128 15.4957 -8.18413 23.0115
3028 128 128 128 9.0929 -9.00353 26.4918
3029 128 128 128 12.096 -8.80579 26.2861
3032 128 128 128 9.44326 -3.14985 12.2304
3033 128 128 128 34.0806 -5.87322 24.8814
3034 128 128 128 35.4742 -4.20405 29.045
3035 128 128 128 34.9412 -1.73107 26.1953
3037 128 128 128 10.3625 -3.01704 27.8015
3040 128 128 128 34.1748 2.92367 25.7236
3041 128 128 128 32.1183 4.37726 28.9701
3043 128 128 128 17.1085 3.94934 27.5249
3044 128 128 128 16.4017 4.20434 27.1618
3045 128 128 128 0.502809 3.34235 15.7806
3046 128 128 128 14.2652 6.05281 15.2111
3050 128 128 128 -1.66173 4.71131 18.9427
3051 128 128 128 0.740002 4.43307 15.7562
3052 128 128 128 0.618734 4.50992 15.7301
3053 128 128 128 0.1582 4.44204 15.6813
3054 128 128 128 -0.811311 1.87975 6.59708
3055 128 128 128 -3.22035 4.70731 18.9526
3057 128 128 128 -3.47487 4.71333 18.9487
3059 128 128 128 8.72029 6.17415 13.1919
3060 128 128 128 -1.55261 5.1686 16.4626
3061 128 128 128 -3.59227 5.02624 16.8819
3062 128 128 128 8.04979 6.31149 11.8419
3064 128 128 128 9.20469 6.61297 10.5124
3066 128 128 128 8.47534 6.58708 10.3642
3067 128 128 128 9.41506 6.75313 10.0249
3076 128 128 128 7.34432 6.74687 9.48822
3077 128 128 128 4.93387 6.47358 10.2273
3081 128 128 128 4.48069 6.48372 9.92456
3085 128 128 128 -3.23066 4.53004 10.2454
3087 128 128 128 -3.0831 4.72472 10.2574
3088 128 128 128 -2.75782 4.77297 10.1392
3089 128 128 128 -3.86833 4.60914 10.4184
3090 128 128 128 3.40542 6.45023 9.63468
3097 128 128 128 3.65977 6.5526 9.11166
3099 128 128 128 3.40118 6.57738 8.77264
3100 128 128 128 3.4662 6.59272 8.71996
3101 128 128 128 3.51723 6.61241 8.6646
3102 128 128 128 11.9981 -6.75876 12.7737
3103 128 128 128 5.2604 -7.52823 17.0966
3105 128 128 128 15.3443 -8.02258 21.8055
3106 128 128 128 27.3837 -7.30144 21.2982
3108 128 128 128 34.4255 -4.22445 28.9352
3109 128 128 128 33.8057 -3.78311 28.3738
3110 128 128 128 35.1985 -3.28174 29.2404
3112 128 128 128 25.3813 -2.21538 30.5438
3114 128 128 128 2.29049 -1.67745 26.6266
3115 128 128 128 34.8732 3.09266 28.056
3116 128 128 128 34.7415 3.76755 26.6597
3122 128 128 128 1.77168 2.66503 16.0373
3126 128 128 128 -0.759551 1.81696 6.54806
3127 128 128 128 -2.97669 4.70118 18.8452
3130 128 128 128 -4.77567 4.82511 17.9375
3135 128 128 128 -4.97544 5.18716 15.1976
3137 128 128 128 -5.21658 5.19373 14.6917
3139 128 128 128 -6.11762 5.30629 14.5922
3140 128 128 128 -5.67539 5.33224 14.3972
3141 128 128 128 -3.88472 4.03002 10.3895
3144 128 128 128 -3.36758 4.59409 10.2028
3145 128 128 128 -2.64789 4.75669 10.0355
3146 128 128 128 -4.07651 4.61784 10.5178
3156 128 128 128 11.6587 -7.62189 27.1089
3158 128 128 128 34.7945 -6.71851 28.7519
3159 128 128 128 32.5561 -4.89693 23.9008
3160 128 128 128 33.988 -3.92848 29.0745
3166 128 128 128 15.9532 4.26255 27.1185
3169 128 128 128 -4.08195 4.79822 18.3082
3171 128 128 128 -5.80448 4.93343 17.0895
3173 128 128 128 -1.70382 3.754 8.52581
3177 128 128 128 24.861 -7.07262 29.65
3178 128 128 128 10.8196 -6.7829 27.0292
3179 128 128 128 33.4981 -2.93594 29.2892
3180 128 128 128 19.7856 -3.57033 28.9646
3182 128 128 128 25.4452 -3.2867 30.1635
3186 128 128 128 33.9722 3.36027 25.6859
3187 128 128 128 24.7271 3.02136 30.7731
3191 128 128 128 9.02518 6.50097 11.5731
3193 128 128 128 9.22469 6.72591 10.2677
3196 128 128 128 -3.9994 4.13853 10.4433
3201 128 128 128 -2.03192 5.88599 10.9036
3203 128 128 128 9.9015 -8.02478 22.6794
3205 128 128 128 34.029 -5.45792 25.3134
3206 128 128 128 13.0573 -4.2667 24.5995
3207 128 128 128 33.6047 -2.59846 25.6356
3208 128 128 128 14.2469 -2.23532 25.5804
3210 128 128 128 25.0544 -2.22361 30.9111
3211 128 128 128 12.8605 -2.03113 24.7652
3213 128 128 128 34.8309 3.32047 27.4329
3214 128 128 128 34.93 4.22401 27.0662
3227 128 128 128 3.8966 0.754693 16.1644
3228 128 128 128 4.48597 1.30026 16.2597
3229 128 128 128 3.89849 1.29312 16.1797
3230 128 128 128 3.30042 1.28117 16.0875
3231 128 128 128 5.0691 1.90359 16.3371
3232 128 128 128 4.48119 1.89307 16.2628
3233 128 128 128 5.06532 2.49411 16.3447
3234 128 128 128 4.47859 2.48752 16.2739
3237 128 128 128 5.06827 3.09123 16.364
3238 128 128 128 4.47287 3.07906 16.2755
3243 128 128 128 1.53546 3.02658 15.8571
3244 128 128 128 3.91324 3.68218 16.2656
3245 128 128 128 12.9351 -8.31743 23.7957
3246 128 128 128 18.0556 -8.32411 24.8715
3252 128 128 128 -0.358266 1.97176 6.54737
3256 128 128 128 33.0735 -1.68632 30.7617
3259 128 128 128 -1.24602 2.35453 27.7625
3264 128 128 128 21.2209 -4.83367 28.2163
3265 128 128 128 21.7993 0.263774 30.0288
3272 128 128 128 27.7024 -7.33817 23.6937
3273 128 128 128 12.334 -6.43406 24.9178
3276 128 128 128 10.7048 -4.01644 27.4093
3278 128 128 128 12.1996 -3.17713 25.9441
3287 128 128 128 -2.18165 1.63086 26.5266
3288 128 128 128 -2.20151 2.17315 26.6466
3289 128 128 128 12.8332 4.99666 21.6316
3290 128 128 128 10.4985 5.35817 18.5645
3291 128 128 128 0.0126654 4.39017 21.8026
3296 128 128 128 -3.66791 4.23043 18.9876
3297 128 128 128 1.07061 4.6413 15.8467
3303 128 128 128 -3.42872 4.87823 17.452
3305 128 128 128 -0.5019 5.38665 15.3639
3306 128 128 128 -0.572315 5.38473 15.2567
3308 128 128 128 -0.46898 5.40999 15.0661
3309 128 128 128 -0.319904 5.46108 14.8439
3310 128 128 128 -2.75316 5.16992 15.7583
3311 128 128 128 -0.372881 5.47166 14.7551
3317 128 128 128 -5.04459 5.24027 14.9985
3320 128 128 128 -4.35286 5.34281 14.5933
3323 128 128 128 -5.1249 5.26194 14.8227
3324 128 128 128 -4.61627 5.37618 14.3096
3333 128 128 128 -0.588741 5.96427 11.3983
3351 128 128 128 -1.45898 6.12283 10.122
3352 128 128 128 -1.19661 6.18917 9.92676
3364 128 128 128 12.3611 -6.39729 24.7004
3371 128 128 128 33.0888 -3.28321 29.0636
3373 128 128 128 33.1958 -2.80564 28.7401
3380 128 128 128 12.2064 -3.06194 25.8456
3384 128 128 128 34.2216 -2.05109 31.7935
3390 128 128 128 -2.07281 -1.12393 26.0777
3400 128 128 128 0.303492 2.63445 15.8431
3405 128 128 128 11.2781 5.57736 17.7036
3408 128 128 128 12.3787 6.02463 14.8202
3417 128 128 128 2.97083 4.98502 16.1041
3418 128 128 128 1.50844 4.6401 15.8718
3419 128 128 128 -3.58238 4.33753 18.967
3427 128 128 128 1.24487 5.35201 15.7974
3429 128 128 128 -3.28845 4.95697 17.37
3432 128 128 128 -4.91887 4.83708 17.6457
3437 128 128 128 -4.29637 5.12324 15.9627
3444 128 128 128 -5.57023 5.09211 15.5888
3448 128 128 128 -5.30385 5.20491 15.0503
3452 128 128 128 -4.63 5.37535 14.2128
3477 128 128 128 -3.66823 4.82175 10.3078
3480 128 128 128 -3.6861 4.90924 10.3205
3494 128 128 128 -1.10003 6.16141 10.0679
3501 128 128 128 -2.62462 5.78241 10.1127
3511 128 128 128 25.2202 -6.76805 18.8105
3515 128 128 128 12.3558 -7.61889 24.2627
3517 128 128 128 25.1357 -7.73444 29.0394
3518 128 128 128 -1.58008 -6.65572 25.156
3522 128 128 128 13.767 -4.08926 25.0418
3524 128 128 128 34.7397 -1.94763 26.2556
3526 128 128 128 33.0274 -1.64484 28.6641
3527 128 128 128 31.0551 -2.16711 31.3686
3541 128 128 128 0.246649 3.02262 15.7748
3543 128 128 128 14.3388 5.99678 15.4003
3551 128 128 128 13.8846 6.35756 12.6601
3552 128 128 128 2.6378 4.81095 16.0583
3553 128 128 128 9.03983 5.693 13.6421
3554 128 128 128 2.3786 4.77394 16.0015
3558 128 128 128 0.878612 4.62555 15.7629
3560 128 128 128 1.78596 5.00185 15.9056
3564 128 128 128 -0.36163 2.04577 6.51784
3565 128 128 128 1.76677 5.35178 15.8822
3566 128 128 128 1.38995 5.35079 15.8235
3567 128 128 128 -0.498869 5.16759 16.7562
3568 128 128 128 -0.234262 5.21314 16.6459
3569 128 128 128 -0.483218 5.16852 16.3253
3570 128 128 128 -0.251758 5.20055 16.2257
3571 128 128 128 -1.07687 5.16187 16.4798
3574 128 128 128 -0.172125 5.29901 15.8258
3590 128 128 128 -3.41605 3.99554 10.0958
3591 128 128 128 -4.65758 5.43951 13.7363
3592 128 128 128 -4.65274 5.45859 13.6316
3594 128 128 128 -2.58189 4.39624 9.88235
3601 128 128 128 -0.461501 6.04666 11.0611
3620 128 128 128 -2.9032 5.60575 10.1121
3633 128 128 128 9.80188 -8.16245 21.7335
3635 128 128 128 34.9943 -6.5336 25.3703
3641 128 128 128 12.1651 5.51317 17.9812
3642 128 128 128 16.6356 6.11107 15.5018
3644 128 128 128 0.362724 3.14727 15.7708
3647 128 128 128 0.343238 3.74888 15.733
3651 128 128 128 11.3821 6.10494 14.3092
3654 128 128 128 -1.40266 4.72545 19.1807
3657 128 128 128 -0.76407 1.96927 6.55555
3658 128 128 128 -0.446862 5.08912 17.3233
3659 128 128 128 2.0645 5.35826 15.9323
3660 128 128 128 -0.302778 5.26091 15.8705
3671 128 128 128 4.9941 6.69546 8.32241
3674 128 128 128 -1.11062 6.11681 10.3418
3679 128 128 128 -1.59415 6.12574 10.2033
3682 128 128 128 25.3936 -7.98533 29.7942
3685 128 128 128 1.85256 -4.42185 18.0828
3687 128 128 128 33.4734 -3.96672 29.1588
3688 128 128 128 10.3373 -3.93299 27.9938
3692 128 128 128 1.65904 4.77943 15.9032
3693 128 128 128 2.52902 5.0153 16.0009
3694 128 128 128 1.06352 4.8139 15.8126
3695 128 128 128 2.54131 5.33635 15.9998
3696 128 128 128 -0.401338 5.16298 16.6004
3702 128 128 128 -2.67281 4.13914 9.8044
3706 128 128 128 -1.57737 6.10403 10.3016
3708 128 128 128 6.69242 -7.63362 16.377
3712 128 128 128 1.84308 3.5771 27.1786
3715 128 128 128 -0.964549 5.80043 10.6918
3721 128 128 128 34.8051 -6.56338 27.9004
3723 128 128 128 33.7851 -3.0303 28.8168
3729 128 128 128 -3.35696 4.39851 10.1521
3734 128 128 128 0.76359 -8.49502 20.4836
3742 128 128 128 -1.04135 6.0961 10.4816
3746 128 128 128 33.7594 4.26789 25.0513
3749 128 128 128 2.18086 0.648977 16.0597
3751 128 128 128 1.5503 3.64047 15.9156
3752 128 128 128 1.57313 4.19695 15.9281
3756 128 128 128 0.955659 4.21552 15.8054
3757 128 128 128 33.0022 -5.6842 27.0924
